/*--------------------------------*- C++ -*----------------------------------*\
  =========                 |
  \\      /  F ield         | OpenFOAM: The Open Source CFD Toolbox
   \\    /   O peration     | Website:  https://openfoam.org
    \\  /    A nd           | Version:  6
     \\/     M anipulation  |
\*---------------------------------------------------------------------------*/
FoamFile
{
    version     2.0;
    format      ascii;
    class       faceSet;
    location    "constant/polyMesh/sets";
    object      nonOrthoFaces;
}
// * * * * * * * * * * * * * * * * * * * * * * * * * * * * * * * * * * * * * //


1180
(
6320 
6321 
6322 
6323 
6324 
6325 
6326 
6327 
6328 
6329 
6330 
6331 
6332 
6333 
6334 
6335 
6336 
6337 
6338 
6339 
6340 
6341 
6342 
6343 
6344 
6345 
6346 
6347 
6348 
6349 
6350 
6351 
6352 
6353 
6354 
6355 
6356 
6357 
6358 
6359 
6360 
6361 
6362 
6363 
6364 
6365 
6366 
6367 
6368 
6369 
6370 
6371 
6372 
6373 
2303 
6399 
6400 
2305 
6401 
2306 
6402 
2307 
6403 
2308 
6404 
2309 
6405 
2310 
6406 
2311 
6407 
2312 
6408 
2313 
6409 
2314 
6410 
2315 
6411 
2316 
6412 
2317 
6413 
2318 
6414 
6415 
6416 
6417 
6418 
6419 
6420 
6421 
6422 
6423 
6424 
6425 
6426 
6427 
6428 
6429 
6430 
6431 
6432 
6433 
6434 
6435 
6436 
6437 
6438 
6439 
6440 
6441 
6442 
6443 
6444 
6445 
6446 
6447 
6448 
6449 
6450 
2375 
2376 
2377 
2378 
2379 
2380 
2381 
6478 
2382 
6479 
2383 
6480 
2384 
6481 
2385 
6482 
2386 
6483 
2387 
6484 
2388 
6485 
2389 
6486 
2390 
6487 
2391 
6488 
2392 
6489 
2393 
6490 
2394 
6491 
2395 
6492 
2396 
6493 
2397 
6494 
2398 
6495 
6496 
6497 
6498 
6499 
6500 
6501 
6502 
6503 
6504 
6505 
6506 
6507 
6508 
6509 
6510 
6511 
6512 
6513 
6514 
6515 
6516 
6517 
6518 
6519 
6520 
6521 
6522 
6523 
6524 
6525 
6526 
6527 
2449 
2450 
2451 
2452 
2453 
2454 
2455 
2456 
2457 
2458 
2459 
2460 
6557 
2461 
6558 
2462 
6559 
2463 
6560 
2464 
6561 
2465 
6562 
2466 
6563 
2467 
6564 
2468 
6565 
2469 
6566 
2470 
6567 
2471 
6568 
2472 
6569 
2473 
6570 
2474 
6571 
2475 
6572 
2476 
6573 
2477 
6574 
2478 
6575 
6576 
6577 
6578 
6579 
6580 
6581 
6582 
6583 
6584 
6585 
6586 
6587 
6588 
6589 
6590 
6591 
6592 
6593 
6594 
6595 
6596 
6597 
6598 
6599 
6600 
6601 
6602 
6603 
6604 
2524 
2525 
2526 
2527 
2528 
2529 
2530 
2531 
2532 
2533 
2534 
2535 
2536 
2537 
2538 
2539 
6636 
2540 
6637 
2541 
6638 
2542 
6639 
2543 
6640 
2544 
6641 
2545 
6642 
2546 
6643 
2547 
6644 
2548 
6645 
2549 
6646 
2550 
6647 
2551 
6648 
2552 
6649 
2553 
6650 
2554 
6651 
2555 
6652 
2556 
6653 
2557 
6654 
2558 
6655 
6656 
6657 
6658 
6659 
6660 
6661 
6662 
6663 
6664 
6665 
6666 
6667 
6668 
6669 
6670 
6671 
6672 
6673 
6674 
6675 
6676 
6677 
6678 
6679 
6680 
6681 
2600 
2601 
2602 
2603 
2604 
2605 
2606 
2607 
2608 
2609 
2610 
2611 
2612 
2613 
2614 
2615 
2616 
2617 
2618 
6715 
2619 
6716 
2620 
6717 
2621 
6718 
2622 
6719 
2623 
6720 
2624 
6721 
2625 
6722 
2626 
6723 
2627 
6724 
2628 
6725 
2629 
6726 
2630 
6727 
2631 
6728 
2632 
6729 
2633 
6730 
2634 
6731 
2635 
6732 
2636 
6733 
2637 
6734 
2638 
6735 
6736 
6737 
6738 
6739 
6740 
6741 
6742 
6743 
6744 
6745 
6746 
6747 
6748 
6749 
6750 
6751 
6752 
6753 
6754 
6755 
6756 
2678 
2679 
2680 
2681 
2682 
2683 
2684 
2685 
2686 
2687 
2688 
2689 
2690 
2691 
2692 
2693 
2694 
2695 
2696 
2697 
6794 
2698 
6795 
2699 
6796 
2700 
6797 
2701 
6798 
2702 
6799 
2703 
6800 
2704 
6801 
2705 
6802 
2706 
6803 
2707 
6804 
2708 
6805 
2709 
6806 
2710 
6807 
2711 
6808 
2712 
6809 
2713 
6810 
2714 
6811 
2715 
6812 
2716 
6813 
2717 
6814 
2718 
6815 
6816 
6817 
6818 
6819 
6820 
6821 
6822 
6823 
6824 
6825 
6826 
6827 
6828 
6829 
6830 
6831 
6832 
6833 
2755 
2756 
2757 
2758 
2759 
2760 
2761 
2762 
2763 
2764 
2765 
2766 
2767 
2768 
2769 
2770 
2771 
2772 
2773 
2774 
2775 
2776 
6873 
2777 
6874 
2778 
6875 
2779 
6876 
2780 
6877 
2781 
6878 
2782 
6879 
2783 
6880 
2784 
6881 
2785 
6882 
2786 
6883 
2787 
6884 
2788 
6885 
2789 
6886 
2790 
6887 
2791 
6888 
2792 
6889 
2793 
6890 
2794 
6891 
2795 
6892 
2796 
6893 
2797 
6894 
2798 
6895 
6896 
6897 
6898 
6899 
6900 
6901 
6902 
6903 
6904 
6905 
6906 
6907 
6908 
2832 
2833 
2834 
2835 
2836 
2837 
2838 
2839 
2840 
2841 
2842 
2843 
2844 
2845 
2846 
2847 
2848 
2849 
2850 
2851 
2852 
2853 
2854 
2855 
6952 
2856 
6953 
2857 
6954 
2858 
6955 
2859 
6956 
2860 
6957 
2861 
6958 
2862 
6959 
2863 
6960 
2864 
6961 
2865 
6962 
2866 
6963 
2867 
6964 
2868 
6965 
2869 
6966 
2870 
6967 
2871 
6968 
2872 
6969 
2873 
6970 
2874 
6971 
2875 
6972 
2876 
6973 
2877 
6974 
2878 
6975 
6976 
6977 
6978 
6979 
6980 
6981 
6982 
2910 
2911 
2912 
2913 
2914 
2915 
2916 
2917 
2918 
2919 
2920 
2921 
2922 
2923 
2924 
2925 
2926 
2927 
2928 
2929 
2930 
2931 
2932 
2933 
2934 
7031 
2935 
7032 
2936 
7033 
2937 
7034 
2938 
7035 
2939 
7036 
2940 
7037 
2941 
7038 
2942 
7039 
2943 
7040 
2944 
7041 
2945 
7042 
2946 
7043 
2947 
7044 
2948 
7045 
2949 
7046 
2950 
7047 
2951 
7048 
2952 
7049 
2953 
7050 
2954 
7051 
2955 
7052 
2956 
7053 
2957 
7054 
2958 
7055 
2988 
2989 
2990 
2991 
2992 
2993 
2994 
2995 
2996 
2997 
2998 
2999 
3000 
3001 
3002 
3003 
3004 
3005 
3006 
3007 
3008 
3009 
3010 
3011 
3012 
3013 
7110 
3014 
7111 
3015 
7112 
3016 
7113 
3017 
7114 
3018 
7115 
3019 
7116 
3020 
7117 
3021 
7118 
3022 
7119 
3023 
7120 
3024 
7121 
3025 
7122 
3026 
7123 
3027 
7124 
3028 
3029 
7126 
3030 
3031 
3032 
3033 
3034 
3035 
3036 
3037 
3038 
3066 
3067 
3068 
3069 
3070 
3071 
3072 
3073 
3074 
3075 
3076 
3077 
3078 
3079 
3080 
3081 
3082 
3083 
3084 
3085 
3086 
3087 
3088 
3089 
3090 
3091 
3092 
7189 
3093 
3094 
7191 
3095 
3096 
3097 
3098 
3099 
3100 
3101 
3102 
3103 
3104 
3105 
3106 
3107 
3108 
3109 
3110 
3111 
3112 
3113 
3114 
3115 
3116 
3117 
3118 
3133 
3134 
3135 
3136 
3137 
3138 
3139 
3140 
3141 
3142 
3143 
3144 
3145 
3146 
3147 
3148 
3149 
3150 
3151 
3152 
3153 
3154 
3155 
3156 
3157 
3158 
3204 
3206 
3207 
3208 
3209 
3210 
3211 
3212 
3213 
3214 
3215 
3216 
3217 
3218 
3219 
3220 
3221 
3222 
3223 
3224 
3225 
3226 
3227 
3228 
3229 
3230 
3231 
3232 
3233 
3234 
3235 
3236 
3237 
3238 
3239 
3286 
3288 
3289 
3290 
3291 
3292 
3293 
3294 
3295 
3296 
3297 
3298 
3299 
3300 
3301 
3302 
3303 
3304 
3305 
3306 
3307 
3308 
3309 
3310 
3311 
3312 
3313 
3314 
3315 
3316 
3317 
3318 
3319 
3366 
3368 
3369 
3370 
3371 
3372 
3373 
3374 
3375 
3376 
3377 
3378 
3379 
3380 
3381 
3382 
3383 
3384 
3385 
3386 
3387 
3388 
3389 
3390 
3391 
3392 
3393 
3394 
3395 
3396 
3397 
3398 
3399 
3448 
3450 
3451 
3452 
3453 
3454 
3455 
3456 
3457 
3458 
3459 
3460 
3461 
3462 
3463 
3464 
3465 
3466 
3467 
3468 
3469 
3470 
3471 
3472 
3473 
3474 
3475 
3476 
3477 
3478 
3479 
3528 
3530 
3531 
3532 
3533 
3534 
3535 
3536 
3537 
3538 
3539 
3540 
3541 
3542 
3543 
3544 
3545 
3546 
3547 
3548 
3549 
3550 
3551 
3552 
3553 
3554 
3555 
3556 
3557 
3558 
3559 
3610 
3612 
3613 
3614 
3615 
3616 
3617 
3618 
3619 
3620 
3621 
3622 
3623 
3624 
3625 
3626 
3627 
3628 
3629 
3630 
3631 
3632 
3633 
3634 
3635 
3636 
3637 
3638 
3639 
3692 
3694 
3695 
3696 
3697 
3698 
3699 
3700 
3701 
3702 
3703 
3704 
3705 
3706 
3707 
3708 
3709 
3710 
3711 
3712 
3713 
3714 
3715 
3716 
3717 
3718 
3719 
3774 
3776 
3777 
3778 
3779 
3780 
3781 
3782 
3783 
3784 
3785 
3786 
3787 
3788 
3789 
3790 
3791 
3792 
3793 
3794 
3795 
3796 
3797 
3798 
3799 
3856 
3858 
3860 
3861 
3862 
3863 
3864 
3865 
3866 
3867 
3868 
3869 
3870 
3871 
3872 
3873 
3874 
3875 
3876 
3877 
3878 
3879 
3940 
3942 
3944 
3946 
3947 
3948 
3949 
3950 
3951 
3952 
3953 
3954 
3955 
3956 
3957 
3958 
3959 
4039 
)

// ************************************************************************* //
